
E = 1, P = 1, ppn = 1
-48.25,-51.45,-48.55,-43.13,-53.55,-49.68,-53.55,-53.74,-46.56,-45.09,-45.48,-50.74,-53.47,-53.33,-47.50,-49.38,-45.52,-43.38,-50.15,-51.20,-44.29,-42.87,-53.27,-47.19,-44.50,-48.25,-46.98,-48.83,-49.46,-50.12,-46.65,-42.22,-48.84,-47.24,-48.94,-47.47,-43.58,-42.19,-45.38,-44.42,-47.56
-53.74
0.140099

E = 1, P = 1, ppn = 2
-48.25,-51.45,-48.55,-43.13,-53.55,-49.68,-53.55,-53.74,-46.56,-45.09,-45.48,-50.74,-53.47,-53.33,-47.50,-49.38,-45.52,-43.38,-50.15,-51.20,-44.29,-42.87,-53.27,-47.19,-44.50,-48.25,-46.98,-48.83,-49.46,-50.12,-46.65,-42.22,-48.84,-47.24,-48.94,-47.47,-43.58,-42.19,-45.38,-44.42,-47.56
-53.74
0.089940

E = 1, P = 1, ppn = 4
-48.25,-51.45,-48.55,-43.13,-53.55,-49.68,-53.55,-53.74,-46.56,-45.09,-45.48,-50.74,-53.47,-53.33,-47.50,-49.38,-45.52,-43.38,-50.15,-51.20,-44.29,-42.87,-53.27,-47.19,-44.50,-48.25,-46.98,-48.83,-49.46,-50.12,-46.65,-42.22,-48.84,-47.24,-48.94,-47.47,-43.58,-42.19,-45.38,-44.42,-47.56
-53.74
0.072805

E = 1, P = 2, ppn = 1
-48.25,-51.45,-48.55,-43.13,-53.55,-49.68,-53.55,-53.74,-46.56,-45.09,-45.48,-50.74,-53.47,-53.33,-47.50,-49.38,-45.52,-43.38,-50.15,-51.20,-44.29,-42.87,-53.27,-47.19,-44.50,-48.25,-46.98,-48.83,-49.46,-50.12,-46.65,-42.22,-48.84,-47.24,-48.94,-47.47,-43.58,-42.19,-45.38,-44.42,-47.56
-53.74
0.371675

E = 1, P = 2, ppn = 2
-48.25,-51.45,-48.55,-43.13,-53.55,-49.68,-53.55,-53.74,-46.56,-45.09,-45.48,-50.74,-53.47,-53.33,-47.50,-49.38,-45.52,-43.38,-50.15,-51.20,-44.29,-42.87,-53.27,-47.19,-44.50,-48.25,-46.98,-48.83,-49.46,-50.12,-46.65,-42.22,-48.84,-47.24,-48.94,-47.47,-43.58,-42.19,-45.38,-44.42,-47.56
-53.74
0.350325

E = 1, P = 2, ppn = 4
-48.25,-51.45,-48.55,-43.13,-53.55,-49.68,-53.55,-53.74,-46.56,-45.09,-45.48,-50.74,-53.47,-53.33,-47.50,-49.38,-45.52,-43.38,-50.15,-51.20,-44.29,-42.87,-53.27,-47.19,-44.50,-48.25,-46.98,-48.83,-49.46,-50.12,-46.65,-42.22,-48.84,-47.24,-48.94,-47.47,-43.58,-42.19,-45.38,-44.42,-47.56
-53.74
0.339746

E = 2, P = 1, ppn = 1
-48.25,-51.45,-48.55,-43.13,-53.55,-49.68,-53.55,-53.74,-46.56,-45.09,-45.48,-50.74,-53.47,-53.33,-47.50,-49.38,-45.52,-43.38,-50.15,-51.20,-44.29,-42.87,-53.27,-47.19,-44.50,-48.25,-46.98,-48.83,-49.46,-50.12,-46.65,-42.22,-48.84,-47.24,-48.94,-47.47,-43.58,-42.19,-45.38,-44.42,-47.56
-53.74
0.140405

E = 2, P = 1, ppn = 2
-48.25,-51.45,-48.55,-43.13,-53.55,-49.68,-53.55,-53.74,-46.56,-45.09,-45.48,-50.74,-53.47,-53.33,-47.50,-49.38,-45.52,-43.38,-50.15,-51.20,-44.29,-42.87,-53.27,-47.19,-44.50,-48.25,-46.98,-48.83,-49.46,-50.12,-46.65,-42.22,-48.84,-47.24,-48.94,-47.47,-43.58,-42.19,-45.38,-44.42,-47.56
-53.74
0.089225

E = 2, P = 1, ppn = 4
-48.25,-51.45,-48.55,-43.13,-53.55,-49.68,-53.55,-53.74,-46.56,-45.09,-45.48,-50.74,-53.47,-53.33,-47.50,-49.38,-45.52,-43.38,-50.15,-51.20,-44.29,-42.87,-53.27,-47.19,-44.50,-48.25,-46.98,-48.83,-49.46,-50.12,-46.65,-42.22,-48.84,-47.24,-48.94,-47.47,-43.58,-42.19,-45.38,-44.42,-47.56
-53.74
0.067733

E = 2, P = 2, ppn = 1
-48.25,-51.45,-48.55,-43.13,-53.55,-49.68,-53.55,-53.74,-46.56,-45.09,-45.48,-50.74,-53.47,-53.33,-47.50,-49.38,-45.52,-43.38,-50.15,-51.20,-44.29,-42.87,-53.27,-47.19,-44.50,-48.25,-46.98,-48.83,-49.46,-50.12,-46.65,-42.22,-48.84,-47.24,-48.94,-47.47,-43.58,-42.19,-45.38,-44.42,-47.56
-53.74
0.361712

E = 2, P = 2, ppn = 2
-48.25,-51.45,-48.55,-43.13,-53.55,-49.68,-53.55,-53.74,-46.56,-45.09,-45.48,-50.74,-53.47,-53.33,-47.50,-49.38,-45.52,-43.38,-50.15,-51.20,-44.29,-42.87,-53.27,-47.19,-44.50,-48.25,-46.98,-48.83,-49.46,-50.12,-46.65,-42.22,-48.84,-47.24,-48.94,-47.47,-43.58,-42.19,-45.38,-44.42,-47.56
-53.74
0.356859

E = 2, P = 2, ppn = 4
-48.25,-51.45,-48.55,-43.13,-53.55,-49.68,-53.55,-53.74,-46.56,-45.09,-45.48,-50.74,-53.47,-53.33,-47.50,-49.38,-45.52,-43.38,-50.15,-51.20,-44.29,-42.87,-53.27,-47.19,-44.50,-48.25,-46.98,-48.83,-49.46,-50.12,-46.65,-42.22,-48.84,-47.24,-48.94,-47.47,-43.58,-42.19,-45.38,-44.42,-47.56
-53.74
0.339966

E = 3, P = 1, ppn = 1
-48.25,-51.45,-48.55,-43.13,-53.55,-49.68,-53.55,-53.74,-46.56,-45.09,-45.48,-50.74,-53.47,-53.33,-47.50,-49.38,-45.52,-43.38,-50.15,-51.20,-44.29,-42.87,-53.27,-47.19,-44.50,-48.25,-46.98,-48.83,-49.46,-50.12,-46.65,-42.22,-48.84,-47.24,-48.94,-47.47,-43.58,-42.19,-45.38,-44.42,-47.56
-53.74
0.139752

E = 3, P = 1, ppn = 2
-48.25,-51.45,-48.55,-43.13,-53.55,-49.68,-53.55,-53.74,-46.56,-45.09,-45.48,-50.74,-53.47,-53.33,-47.50,-49.38,-45.52,-43.38,-50.15,-51.20,-44.29,-42.87,-53.27,-47.19,-44.50,-48.25,-46.98,-48.83,-49.46,-50.12,-46.65,-42.22,-48.84,-47.24,-48.94,-47.47,-43.58,-42.19,-45.38,-44.42,-47.56
-53.74
0.092137

E = 3, P = 1, ppn = 4
-48.25,-51.45,-48.55,-43.13,-53.55,-49.68,-53.55,-53.74,-46.56,-45.09,-45.48,-50.74,-53.47,-53.33,-47.50,-49.38,-45.52,-43.38,-50.15,-51.20,-44.29,-42.87,-53.27,-47.19,-44.50,-48.25,-46.98,-48.83,-49.46,-50.12,-46.65,-42.22,-48.84,-47.24,-48.94,-47.47,-43.58,-42.19,-45.38,-44.42,-47.56
-53.74
0.066923

E = 3, P = 2, ppn = 1
-48.25,-51.45,-48.55,-43.13,-53.55,-49.68,-53.55,-53.74,-46.56,-45.09,-45.48,-50.74,-53.47,-53.33,-47.50,-49.38,-45.52,-43.38,-50.15,-51.20,-44.29,-42.87,-53.27,-47.19,-44.50,-48.25,-46.98,-48.83,-49.46,-50.12,-46.65,-42.22,-48.84,-47.24,-48.94,-47.47,-43.58,-42.19,-45.38,-44.42,-47.56
-53.74
0.370406

E = 3, P = 2, ppn = 2
-48.25,-51.45,-48.55,-43.13,-53.55,-49.68,-53.55,-53.74,-46.56,-45.09,-45.48,-50.74,-53.47,-53.33,-47.50,-49.38,-45.52,-43.38,-50.15,-51.20,-44.29,-42.87,-53.27,-47.19,-44.50,-48.25,-46.98,-48.83,-49.46,-50.12,-46.65,-42.22,-48.84,-47.24,-48.94,-47.47,-43.58,-42.19,-45.38,-44.42,-47.56
-53.74
0.352658

E = 3, P = 2, ppn = 4
-48.25,-51.45,-48.55,-43.13,-53.55,-49.68,-53.55,-53.74,-46.56,-45.09,-45.48,-50.74,-53.47,-53.33,-47.50,-49.38,-45.52,-43.38,-50.15,-51.20,-44.29,-42.87,-53.27,-47.19,-44.50,-48.25,-46.98,-48.83,-49.46,-50.12,-46.65,-42.22,-48.84,-47.24,-48.94,-47.47,-43.58,-42.19,-45.38,-44.42,-47.56
-53.74
0.339576

E = 4, P = 1, ppn = 1
-48.25,-51.45,-48.55,-43.13,-53.55,-49.68,-53.55,-53.74,-46.56,-45.09,-45.48,-50.74,-53.47,-53.33,-47.50,-49.38,-45.52,-43.38,-50.15,-51.20,-44.29,-42.87,-53.27,-47.19,-44.50,-48.25,-46.98,-48.83,-49.46,-50.12,-46.65,-42.22,-48.84,-47.24,-48.94,-47.47,-43.58,-42.19,-45.38,-44.42,-47.56
-53.74
0.144955

E = 4, P = 1, ppn = 2
-48.25,-51.45,-48.55,-43.13,-53.55,-49.68,-53.55,-53.74,-46.56,-45.09,-45.48,-50.74,-53.47,-53.33,-47.50,-49.38,-45.52,-43.38,-50.15,-51.20,-44.29,-42.87,-53.27,-47.19,-44.50,-48.25,-46.98,-48.83,-49.46,-50.12,-46.65,-42.22,-48.84,-47.24,-48.94,-47.47,-43.58,-42.19,-45.38,-44.42,-47.56
-53.74
0.091910

E = 4, P = 1, ppn = 4
-48.25,-51.45,-48.55,-43.13,-53.55,-49.68,-53.55,-53.74,-46.56,-45.09,-45.48,-50.74,-53.47,-53.33,-47.50,-49.38,-45.52,-43.38,-50.15,-51.20,-44.29,-42.87,-53.27,-47.19,-44.50,-48.25,-46.98,-48.83,-49.46,-50.12,-46.65,-42.22,-48.84,-47.24,-48.94,-47.47,-43.58,-42.19,-45.38,-44.42,-47.56
-53.74
0.066658

E = 4, P = 2, ppn = 1
-48.25,-51.45,-48.55,-43.13,-53.55,-49.68,-53.55,-53.74,-46.56,-45.09,-45.48,-50.74,-53.47,-53.33,-47.50,-49.38,-45.52,-43.38,-50.15,-51.20,-44.29,-42.87,-53.27,-47.19,-44.50,-48.25,-46.98,-48.83,-49.46,-50.12,-46.65,-42.22,-48.84,-47.24,-48.94,-47.47,-43.58,-42.19,-45.38,-44.42,-47.56
-53.74
0.359092

E = 4, P = 2, ppn = 2
-48.25,-51.45,-48.55,-43.13,-53.55,-49.68,-53.55,-53.74,-46.56,-45.09,-45.48,-50.74,-53.47,-53.33,-47.50,-49.38,-45.52,-43.38,-50.15,-51.20,-44.29,-42.87,-53.27,-47.19,-44.50,-48.25,-46.98,-48.83,-49.46,-50.12,-46.65,-42.22,-48.84,-47.24,-48.94,-47.47,-43.58,-42.19,-45.38,-44.42,-47.56
-53.74
0.355644

E = 4, P = 2, ppn = 4
-48.25,-51.45,-48.55,-43.13,-53.55,-49.68,-53.55,-53.74,-46.56,-45.09,-45.48,-50.74,-53.47,-53.33,-47.50,-49.38,-45.52,-43.38,-50.15,-51.20,-44.29,-42.87,-53.27,-47.19,-44.50,-48.25,-46.98,-48.83,-49.46,-50.12,-46.65,-42.22,-48.84,-47.24,-48.94,-47.47,-43.58,-42.19,-45.38,-44.42,-47.56
-53.74
0.341326

E = 5, P = 1, ppn = 1
-48.25,-51.45,-48.55,-43.13,-53.55,-49.68,-53.55,-53.74,-46.56,-45.09,-45.48,-50.74,-53.47,-53.33,-47.50,-49.38,-45.52,-43.38,-50.15,-51.20,-44.29,-42.87,-53.27,-47.19,-44.50,-48.25,-46.98,-48.83,-49.46,-50.12,-46.65,-42.22,-48.84,-47.24,-48.94,-47.47,-43.58,-42.19,-45.38,-44.42,-47.56
-53.74
0.142944

E = 5, P = 1, ppn = 2
-48.25,-51.45,-48.55,-43.13,-53.55,-49.68,-53.55,-53.74,-46.56,-45.09,-45.48,-50.74,-53.47,-53.33,-47.50,-49.38,-45.52,-43.38,-50.15,-51.20,-44.29,-42.87,-53.27,-47.19,-44.50,-48.25,-46.98,-48.83,-49.46,-50.12,-46.65,-42.22,-48.84,-47.24,-48.94,-47.47,-43.58,-42.19,-45.38,-44.42,-47.56
-53.74
0.090114

E = 5, P = 1, ppn = 4
-48.25,-51.45,-48.55,-43.13,-53.55,-49.68,-53.55,-53.74,-46.56,-45.09,-45.48,-50.74,-53.47,-53.33,-47.50,-49.38,-45.52,-43.38,-50.15,-51.20,-44.29,-42.87,-53.27,-47.19,-44.50,-48.25,-46.98,-48.83,-49.46,-50.12,-46.65,-42.22,-48.84,-47.24,-48.94,-47.47,-43.58,-42.19,-45.38,-44.42,-47.56
-53.74
0.067684

E = 5, P = 2, ppn = 1
-48.25,-51.45,-48.55,-43.13,-53.55,-49.68,-53.55,-53.74,-46.56,-45.09,-45.48,-50.74,-53.47,-53.33,-47.50,-49.38,-45.52,-43.38,-50.15,-51.20,-44.29,-42.87,-53.27,-47.19,-44.50,-48.25,-46.98,-48.83,-49.46,-50.12,-46.65,-42.22,-48.84,-47.24,-48.94,-47.47,-43.58,-42.19,-45.38,-44.42,-47.56
-53.74
0.361353

E = 5, P = 2, ppn = 2
-48.25,-51.45,-48.55,-43.13,-53.55,-49.68,-53.55,-53.74,-46.56,-45.09,-45.48,-50.74,-53.47,-53.33,-47.50,-49.38,-45.52,-43.38,-50.15,-51.20,-44.29,-42.87,-53.27,-47.19,-44.50,-48.25,-46.98,-48.83,-49.46,-50.12,-46.65,-42.22,-48.84,-47.24,-48.94,-47.47,-43.58,-42.19,-45.38,-44.42,-47.56
-53.74
0.350867

E = 5, P = 2, ppn = 4
-48.25,-51.45,-48.55,-43.13,-53.55,-49.68,-53.55,-53.74,-46.56,-45.09,-45.48,-50.74,-53.47,-53.33,-47.50,-49.38,-45.52,-43.38,-50.15,-51.20,-44.29,-42.87,-53.27,-47.19,-44.50,-48.25,-46.98,-48.83,-49.46,-50.12,-46.65,-42.22,-48.84,-47.24,-48.94,-47.47,-43.58,-42.19,-45.38,-44.42,-47.56
-53.74
0.336763
